1 4 4 4 5 3 7
1 4 5 9 9
2 4 4 4 15 4 17
2 1 0 0 0
3 4 4 2 9 3 15
3 19 12 8 1
4 4 4 2 8 3 9
4 8 10 4 4
5 3 3 2 19 2 12
5 40 11 6 1
6 2 3 2 14 3 8
6 17 30 8 10
7 4 4 4 12 4 19
7 1 0 0 0
8 4 3 3 10 3 10
8 3 15 8 5
9 2 3 3 9 3 9
9 16 27 9 15
10 4 4 2 11 4 8
10 2 10 9 3
11 4 4 2 18 4 20
11 1 0 0 0
12 4 3 4 20 4 8
12 2 10 4 1
13 2 4 3 19 4 13
13 39 11 10 2
14 4 4 3 19 4 15
14 1 0 0 0
15 4 4 4 7 2 16
15 15 13 11 1
16 3 4 2 20 4 7
16 38 22 7 2
17 4 3 4 15 4 9
17 3 21 7 2
18 3 4 3 6 4 11
18 12 17 15 8
19 4 4 4 17 4 16
19 1 0 0 0
20 2 2 2 8 2 14
20 31 21 8 13
21 2 3 3 13 3 15
21 14 22 14 5
22 3 3 3 9 2 10
22 26 18 9 7
23 3 4 4 18 2 11
23 28 13 6 1
24 2 3 2 16 2 9
24 42 25 5 7
25 4 4 3 6 2 14
25 7 6 6 3
26 4 4 4 8 4 14
26 16 7 10 1
27 3 3 3 9 3 7
27 5 8 10 12
28 4 3 3 11 4 7
28 5 14 10 6
29 2 4 2 16 4 12
29 49 18 15 3
30 4 3 2 20 3 9
30 2 28 4 1
1981
